%YAML:1.0
CM1: !!opencv-matrix
   rows: 3
   cols: 3
   dt: d
   data: [ 7.6785689910465783e+02, 0., 2.3794408347461567e+02, 0.,
       7.7741182615304967e+02, 3.1609692522006964e+02, 0., 0., 1. ]
CM2: !!opencv-matrix
   rows: 3
   cols: 3
   dt: d
   data: [ 7.5150356722245590e+02, 0., 2.3735257469018651e+02, 0.,
       7.6268875821156701e+02, 3.1612620238150174e+02, 0., 0., 1. ]
D1: !!opencv-matrix
   rows: 1
   cols: 5
   dt: d
   data: [ -2.2536194865881706e-02, 2.7473846468186836e-01,
       -2.1320900057277981e-02, -2.6668066211929724e-03,
       -6.1397701188675113e-01 ]
D2: !!opencv-matrix
   rows: 1
   cols: 5
   dt: d
   data: [ -5.3274961451407178e-02, 6.4114071920008853e-01,
       -2.0605885890767461e-02, -1.5550678295891149e-03,
       -2.0896902116969294e+00 ]
R: !!opencv-matrix
   rows: 3
   cols: 3
   dt: d
   data: [ 9.9971512508925042e-01, -1.9944284219232618e-02,
       1.3110842641376253e-02, 2.0012643652806236e-02,
       9.9978670095809663e-01, -5.1035949438825567e-03,
       -1.3006258563101667e-02, 5.3645236794983009e-03,
       9.9990102466388231e-01 ]
T: !!opencv-matrix
   rows: 3
   cols: 1
   dt: d
   data: [ 3.4205454545700684e+00, 2.6652224123541129e-01,
       -4.8240374353444887e-01 ]
E: !!opencv-matrix
   rows: 3
   cols: 3
   dt: d
   data: [ 6.1877170338095391e-03, 4.8373061215236268e-01,
       2.6403386880058971e-01, -4.3777782020208378e-01,
       -8.7283997183685621e-03, -3.4265316245050874e+00,
       -1.9799215845518969e-01, 3.4251314508317674e+00,
       -2.0951409652528660e-02 ]
F: !!opencv-matrix
   rows: 3
   cols: 3
   dt: d
   data: [ -1.0343453781277981e-06, -7.9867088502957688e-05,
       -8.3984152145096767e-03, 7.2106196700494153e-05,
       1.4199812469147658e-06, 4.1575894159366633e-01,
       2.3230446047582537e-03, -4.0647622553013052e-01, 1. ]
R1: !!opencv-matrix
   rows: 3
   cols: 3
   dt: d
   data: [ 9.9033605415985215e-01, 5.6472241332111699e-02,
       -1.2667038244997267e-01, -5.6746672056247914e-02,
       9.9838756510748627e-01, 1.4439699739116252e-03,
       1.2654767892630533e-01, 5.7581071258391257e-03,
       9.9194381350996497e-01 ]
R2: !!opencv-matrix
   rows: 3
   cols: 3
   dt: d
   data: [ 9.8726687838156313e-01, 7.6925912728972673e-02,
       -1.3923546531519343e-01, -7.6623700049447838e-02,
       9.9703158963219884e-01, 7.5377626801907092e-03,
       1.3940200659049423e-01, 3.2269530993037231e-03,
       9.9023061320696337e-01 ]
P1: !!opencv-matrix
   rows: 3
   cols: 4
   dt: d
   data: [ 7.5151251660520973e+02, 0., 3.4700925350189209e+02, 0., 0.,
       7.5151251660520973e+02, 3.0209190368652344e+02, 0., 0., 0., 1.,
       0. ]
P2: !!opencv-matrix
   rows: 3
   cols: 4
   dt: d
   data: [ 7.5151251660520973e+02, 0., 3.4700925350189209e+02,
       2.6037364151630882e+03, 0., 7.5151251660520973e+02,
       3.0209190368652344e+02, 0., 0., 0., 1., 0. ]
Q: !!opencv-matrix
   rows: 4
   cols: 4
   dt: d
   data: [ 1., 0., 0., -3.4700925350189209e+02, 0., 1., 0.,
       -3.0209190368652344e+02, 0., 0., 0., 7.5151251660520973e+02, 0.,
       0., -2.8862849258807854e-01, 0. ]
