%YAML:1.0
CM1: !!opencv-matrix
   rows: 3
   cols: 3
   dt: d
   data: [ 7.9970674742069104e+02, 0., 2.4251240799945506e+02, 0.,
       7.9892259264641018e+02, 3.4672419154212446e+02, 0., 0., 1. ]
D1: !!opencv-matrix
   rows: 1
   cols: 5
   dt: d
   data: [ -8.2936515820801505e-03, -5.4559652645358825e-01,
       1.7494864593365122e-03, -1.9674357950675769e-03,
       3.9315474502473058e+00 ]
