%YAML:1.0
CM2: !!opencv-matrix
   rows: 3
   cols: 3
   dt: d
   data: [ 7.6745837511006528e+02, 0., 2.4029647675121154e+02, 0.,
       7.7241044897327504e+02, 3.5553033447294365e+02, 0., 0., 1. ]
D2: !!opencv-matrix
   rows: 1
   cols: 5
   dt: d
   data: [ -1.1274297057734985e-01, 1.4555382934902157e+00,
       5.2054374417807338e-03, 8.8995073284673954e-05,
       -5.5053957347490945e+00 ]
