%YAML:1.0
CM1: !!opencv-matrix
   rows: 3
   cols: 3
   dt: d
   data: [ 8.3377018272203213e+02, 0., 2.6495154895614110e+02, 0.,
       8.3305840590591913e+02, 3.2415987589648040e+02, 0., 0., 1. ]
D1: !!opencv-matrix
   rows: 1
   cols: 5
   dt: d
   data: [ -1.0107448290643885e-01, 1.1395280251663542e+00,
       -2.1361494402386541e-03, 5.3630958995585717e-03,
