%YAML:1.0
CM1: !!opencv-matrix
   rows: 3
   cols: 3
   dt: d
   data: [ 8.1353945771057283e+02, 0., 2.6504127980792191e+02, 0.,
       8.1408116360533290e+02, 3.0978126300012178e+02, 0., 0., 1. ]
D1: !!opencv-matrix
   rows: 1
   cols: 5
   dt: d
   data: [ -2.2959763024937983e-02, 3.9211894783958556e-01,
       -2.8589607239361803e-03, 5.8518481669154734e-03,
