%YAML:1.0
CM1: !!opencv-matrix
   rows: 3
   cols: 3
   dt: d
   data: [ -8.0582865907846965e-67, -8.2589190947729268e-67,
       1.4772010306922840e-314, 0., 1.2697487098120036e-321, 0., 0.,
       7.5056512167687766e+252, 4.0944802118468649e-315 ]
CM2: !!opencv-matrix
   rows: 3
   cols: 3
   dt: d
   data: [ 0., 1.4770789352136212e-314, 1.4770786150590827e-314,
       -6.7838808683214550e-67, 0., 0., 0., 8.7001827429576165e-313,
       -5.9352771219152972e-67 ]
D1: !!opencv-matrix
   rows: 1
   cols: 5
   dt: d
   data: [ 0., 0., 0., 0., 0. ]
D2: !!opencv-matrix
   rows: 1
   cols: 5
   dt: d
   data: [ 0., 0., 0., 0., 0. ]
R: !!opencv-matrix
   rows: 3
   cols: 3
   dt: d
   data: [ 7.1337158058313221e-01, -7.0069630207039513e-01,
       -1.1210721707242285e-02, 6.9843811006488976e-01,
       7.1219897286676581e-01, -7.0404754502153305e-02,
       5.7316615612825930e-02, 4.2394755718098760e-02,
       9.9745550791115201e-01 ]
T: !!opencv-matrix
   rows: 3
   cols: 1
   dt: d
   data: [ 2.7948204222320845e+68, 2.5250052108022955e+68,
       3.1123472775340039e+67 ]
E: !!opencv-matrix
   rows: 3
   cols: 3
   dt: d
   data: [ -7.2653441950707793e+66, -1.1461407432754947e+67,
       2.5404927596191317e+68, 6.1836361821851829e+66,
       -3.3656675188917666e+67, -2.7911981896964365e+68,
       1.5074213546385586e+67, 3.7597300479783984e+68,
       -1.6846151497721316e+67 ]
F: !!opencv-matrix
   rows: 3
   cols: 3
   dt: d
   data: [ 0., 0., 0., 0., 0., 0., 0., 0., 0. ]
R1: !!opencv-matrix
   rows: 3
   cols: 3
   dt: d
   data: [ 9.9888531840978401e-01, -3.8847744671659738e-02,
       2.6813679331822493e-02, 3.9817413541590671e-02,
       9.9853533721821930e-01, -3.6629959123036251e-02,
       -2.5351415034317527e-02, 3.7656779740478222e-02,
       9.9896910497539149e-01 ]
R2: !!opencv-matrix
   rows: 3
   cols: 3
   dt: d
   data: [ 7.3949626875354380e-01, 6.6810443959769217e-01,
       8.2351237327924473e-02, -6.7085475876464806e-01,
       7.4154476387912782e-01, 8.0781066020831818e-03,
       -5.5670109955094575e-02, -6.1219449142428932e-02,
       9.9657062865824275e-01 ]
P1: !!opencv-matrix
   rows: 3
   cols: 4
   dt: d
   data: [ 0., 0., .Nan, 0., 0., 0., .Nan, 0., 0., 0., 1., 0. ]
P2: !!opencv-matrix
   rows: 3
   cols: 4
   dt: d
   data: [ 0., 0., .Nan, 0., 0., 0., .Nan, 0., 0., 0., 1., 0. ]
Q: !!opencv-matrix
   rows: 4
   cols: 4
   dt: d
   data: [ 1., 0., 0., .Nan, 0., 1., 0., .Nan, 0., 0., 0., 0., 0., 0.,
