%YAML:1.0
CM1: !!opencv-matrix
   rows: 3
   cols: 3
   dt: d
   data: [ 0., 0., 0., 0., 0., -8.3314511444975460e-67,
       5.3049894774131808e-313, -5.9351865652226463e-67,
       4.1773706724314459e-315 ]
CM2: !!opencv-matrix
   rows: 3
   cols: 3
   dt: d
   data: [ -8.0582865907846965e-67, -8.2589190947729268e-67,
       1.4772010306922840e-314, 0., 1.2697487098120036e-321, 0., 0.,
       7.5056512167687766e+252, 4.0944802118468649e-315 ]
D1: !!opencv-matrix
   rows: 1
   cols: 5
   dt: d
   data: [ 0., 0., 0., 0., 0. ]
D2: !!opencv-matrix
   rows: 1
   cols: 5
   dt: d
   data: [ 0., 0., 0., 0., 0. ]
R: !!opencv-matrix
   rows: 3
   cols: 3
   dt: d
   data: [ 9.9956517103140641e-01, 2.9484740224169258e-02,
       -3.4489834537666520e-04, -2.9485160660728236e-02,
       9.9956439205961722e-01, -1.2850787131059725e-03,
       3.0685789289525703e-04, 1.2946893067796407e-03,
       9.9999911480852444e-01 ]
T: !!opencv-matrix
   rows: 3
   cols: 1
   dt: d
   data: [ -2.4483356172266461e+68, 0., 2.0802983113267696e+67 ]
E: !!opencv-matrix
   rows: 3
   cols: 3
   dt: d
   data: [ 6.1337929931711445e+65, -2.0793921168639909e+67,
       2.6733470767963327e+64, 2.0869066484437144e+67,
       9.3035394728558483e+65, 2.4482617008362817e+68,
       7.2189569025310887e+66, -2.4472691027910604e+68,
       3.1463039842371355e+65 ]
F: !!opencv-matrix
   rows: 3
   cols: 3
   dt: d
   data: [ 0., 0., 0., 0., 0., 0., 0., 0., 0. ]
R1: !!opencv-matrix
   rows: 3
   cols: 3
   dt: d
   data: [ 9.9595041317654509e-01, 2.9269267980233764e-02,
       -8.5006378851062839e-02, -2.9377244235996015e-02,
       9.9956839543244369e-01, -1.9331541541364413e-05,
       8.4969123889609435e-02, 2.5165064099107407e-03,
       9.9638040686322260e-01 ]
R2: !!opencv-matrix
   rows: 3
   cols: 3
   dt: d
   data: [ 9.9640966040797407e-01, 7.4484689249754155e-17,
       -8.4662793750654095e-02, 1.0755098385018429e-04,
       9.9999919311105800e-01, 1.2657843492668221e-03,
       8.4662725437182007e-02, -1.2703453203660709e-03,
       9.9640885641603727e-01 ]
P1: !!opencv-matrix
   rows: 3
   cols: 4
   dt: d
   data: [ 0., 0., .Nan, 0., 0., 0., .Nan, 0., 0., 0., 1., 0. ]
P2: !!opencv-matrix
   rows: 3
   cols: 4
   dt: d
   data: [ 0., 0., .Nan, 0., 0., 0., .Nan, 0., 0., 0., 1., 0. ]
Q: !!opencv-matrix
   rows: 4
   cols: 4
   dt: d
   data: [ 1., 0., 0., .Nan, 0., 1., 0., .Nan, 0., 0., 0., 0., 0., 0.,
